1 10
100 200
201 210
900 1000
2 2
1 1
2 1
3599	2824
3270	5744
5544	5166
2753	7985
6048	6836
773	75
3966	987
331	1745
4938	1500
2307	4875
4	4
5	4
2	2
2638	7348
834	5778
3412	1463
7736	342
1503	5872
2798	3340
6376	2934
6639	2109
3437	7588
3719	2829
176	6399
7561	6213
6809	3583
5129	1899
6884	1524
8	896
338	6166
3017	2706
4729	1959
4785	1329
1353	5354
2458	3476
3738	168
5510	3054
3737	131
2478	4874
1905	3515
278	3810
2327	1457
7251	1578
2252	5595
4959	2139
6466	2090
2880	6517
1963	6712
2096	4386
2378	5666
1126	2328
6695	620
3747	5602
3720	5849
2303	2795
7165	5613
2078	2815
2871	815
4956	5826
1703	157
1319	1788
6329	1044
3546	7667
3765	3489
934	4521
5033	2451
943	3371
4456	1498
5988	7077
4335	4713
2453	5225
4446	4865
3787	3316
5664	5174
19	4979
6026	4166
1168	1802
3713	6538
5890	2417
3715	691
158	7804
4124	2926
639	2773
3490	1395
1354	796
4612	3405
5414	206
6825	6885
1305	4116
3607	3958
3773	3203
3638	1261
987	2601
79	5184
5046	5996
4444	841
