1 10
100 200
201 210
900 1000
134732	107747
536269	182499
751705	89148
798979	313049
96935	742774
453184	298149
376632	341243
303423	226216
276953	65755
159616	344589
620173	662550
104363	345463
671600	187624
169300	417000
707716	683663
335372	601621
178945	104217
184352	725937
704368	95178
751271	689970
80909	199284
559602	718105
294883	719016
120838	665149
752279	708641
755761	508695
709042	372490
364783	686343
752016	395686
17634	147572
557626	342724
290674	605158
781805	723442
764657	795503
37024	84658
287243	211854
164134	655908
492179	308818
243628	382713
129968	737010
708282	59751
502074	632090
583223	410342
329330	87387
396827	113473
557792	89649
14177	656256
214506	794289
665613	334472
493821	349541
723108	614058
277788	502977
732954	424949
448001	608001
13187	776500
170072	249036
30446	71940
150905	741671
435065	127765
697168	19352
522110	695650
284404	449803
77526	600709
298590	612017
21769	530239
434740	14173
428657	672541
558515	77278
94092	489440
753198	160994
730700	520257
585605	719069
31961	745430
22667	268066
305489	473830
159079	71414
611731	296870
13819	254249
632977	759434
66309	609468
280819	551661
752599	468353
541454	618694
519028	227712
34963	499756
391007	226850
712156	323931
137297	782223
206380	451252
203043	592630
223818	642876
744880	431336
228979	763505
199170	266684
424509	799692
45174	611446
437794	641300
218136	282439
387944	371299
291467	532793
